183.672638 
183.055527 
182.491913 
179.178406 
176.605270 
174.473724 
171.721786 
169.250488 
166.931702 
164.465500 
162.408691 
159.971741 
157.750336 
155.751724 
153.616241 
151.965424 
149.680466 
147.575638 
146.384735 
143.924088 
141.945862 
140.354065 
138.514252 
137.664612 
135.209412 
133.269806 
132.288040 
130.049469 
128.262039 
126.913338 
125.180008 
124.832573 
122.433334 
120.705276 
119.621574 
117.874115 
117.798660 
115.509842 
113.761581 
113.275383 
111.372444 
111.447365 
109.161057 
107.859642 
107.232994 
105.337204 
105.821259 
103.878448 
101.926598 
102.576317 
100.242088 
99.170448 
98.562302 
97.018158 
97.701767 
95.771736 
93.849579 
94.610344 
92.681023 
91.728134 
90.943497 
89.473114 
89.913795 
88.148628 
88.071213 
86.645790 
85.102272 
85.343758 
84.008560 
84.189240 
82.824265 
81.361748 
81.369797 
80.297272 
80.305138 
79.045303 
78.479004 
77.815781 
76.713211 
76.869766 
75.699165 
75.524017 
74.677155 
73.645393 
73.528366 
72.608635 
72.595940 
71.563469 
71.248039 
70.617805 
69.682343 
69.768440 
68.835030 
68.958504 
68.077934 
67.473541 
66.975632 
66.097839 
66.160156 
65.291206 
65.350662 
64.529549 
64.591423 
63.739285 
63.381390 
62.894569 
62.169209 
61.948193 
61.264950 
61.121899 
60.054379 
59.757191 
58.816715 
58.390961 
57.632164 
56.847172 
56.592899 
55.710991 
55.515991 
54.685314 
53.913818 
53.585873 
52.945183 
52.786217 
52.064434 
51.582535 
51.178593 
50.411304 
50.133694 
49.434708 
49.170155 
48.495041 
47.833965 
47.768879 
47.020721 
46.378868 
46.180744 
45.617123 
45.379570 
44.729488 
44.606197 
43.953976 
43.373455 
43.087528 
42.609653 
42.510498 
41.930161 
41.459072 
41.200775 
40.662903 
40.486324 
39.935936 
39.798519 
39.311787 
38.916790 
38.721165 
38.218430 
37.918293 
37.733215 
37.305676 
37.101471 
36.621265 
36.624481 
36.171547 
35.749546 
35.568855 
35.146408 
35.186375 
34.762493 
34.363201 
34.176075 
33.772579 
33.564175 
33.113205 
33.057590 
32.533131 
32.124989 
31.863831 
31.436377 
31.155281 
30.600870 
30.233404